PARAMETERS 
##############################
run_ID = simple_test_22oct20_v
model_type = 17
meteorite_depthlist_ID = 12aug
r_planet = 250000.0
core_size_factor = 0.5
r_core = 125000.0
dr = 1000.0
temp_init = 1600.0
temp_surface = 250.0
temp_core_melting = 1200.0
kappa = 1.0963794262207911e-06
kappa_reg = 5e-08
reg_thickness = 8000.0
core_density = 7800.0
olivine_density = 3341.0
olivine_cp = 819.0
core_cp = 850.0
core_latent_heat = 270000.0
cmb_conductivity = 3.0
p = 3341.0
c = 819.0
B = 0.0
k0_mantle = 3.0
k0_reg = 0.13681395
k0_core =  3.0
timestep = 100000000000.0
time taken (seconds) = 337.65731024742126
core begins to freeze = 211.12639425018773
core frozen = 284.5144042230222
Esquel depth = 68.0 at 7819700000000000
Imilac depth = 61.0 at 6501800000000000